287 504 20
837 287 13
594 287 11
842 287 11
372 837 16
843 287 10
783 837 4
683 843 13
454 287 9
432 783 19
129 594 3
82 842 8
56 129 20
905 129 15
376 783 7
709 454 10
505 594 6
963 454 10
806 842 14
632 287 6
975 287 14
726 372 15
434 905 5
184 594 11
133 372 8
850 376 14
78 372 11
152 843 7
481 78 15
795 806 11
32 795 6
387 806 12
984 56 4
968 504 3
748 56 15
575 481 20
682 783 9
188 795 1
496 432 15
121 184 17
174 709 9
228 843 13
331 968 14
774 434 9
42 184 13
652 683 12
141 682 17
918 287 19
172 774 9
962 783 13
585 774 20
445 843 11
588 774 13
438 331 12
183 434 1
248 843 17
567 183 9
543 141 14
288 963 14
928 726 15
828 32 13
941 454 18
797 543 16
138 795 20
143 505 17
636 434 13
602 133 14
871 726 20
599 726 5
613 941 5
322 567 13
181 432 19
762 174 8
913 806 11
767 434 12
0 181 10
587 504 14
893 842 14
319 432 8
102 248 16
125 918 7
70 288 20
205 481 20
282 842 2
623 941 20
430 129 19
408 837 13
103 683 5
880 941 17
349 188 18
595 430 18
266 322 8
164 0 17
820 880 6
206 266 10
775 288 5
508 842 19
223 567 7
227 438 5
966 595 2
603 913 3
695 588 16
951 726 3
719 774 9
236 481 5
293 543 18
415 183 7
502 438 12
548 748 12
239 968 15
713 587 17
699 125 13
259 438 17
25 548 4
604 975 16
621 604 4
970 376 10
600 928 1
303 970 15
460 604 19
961 223 12
345 762 17
440 206 10
390 599 1
480 699 5
101 445 7
552 599 17
822 797 20
592 504 9
978 585 1
225 121 20
539 319 14
858 319 9
489 181 18
707 774 8
257 445 13
332 445 18
253 928 16
628 319 5
6 774 1
334 227 14
833 387 14
553 748 10
938 695 14
402 719 2
784 103 18
119 282 19
216 575 11
428 820 7
84 181 4
244 585 20
926 331 4
191 632 8
807 595 19
127 552 10
786 918 10
289 138 9
136 138 7
146 489 18
20 481 7
911 293 15
283 548 2
212 600 18
793 56 6
647 129 5
716 975 15
484 303 4
405 236 10
36 206 20
965 842 8
347 84 9
412 376 10
269 164 4
404 480 17
859 244 16
720 843 17
888 505 14
224 404 9
210 206 17
449 334 12
912 206 7
533 502 1
829 709 4
862 786 15
942 269 20
472 533 9
348 6 20
979 42 11
545 376 13
310 102 15
832 206 4
669 775 10
801 942 12
620 347 3
150 146 14
67 880 19
625 588 5
648 762 16
677 141 2
690 966 1
549 216 11
307 628 14
551 822 12
339 797 6
295 842 4
634 56 10
738 713 9
453 125 15
468 795 20
279 331 19
149 191 3
731 690 10
597 738 16
617 468 2
195 716 7
447 843 13
851 248 20
417 248 16
137 408 14
194 505 20
443 716 7
564 795 11
5 862 19
728 453 1
729 472 9
868 129 11
768 716 3
379 961 1
13 227 2
501 445 18
999 183 5
840 585 8
923 137 2
667 248 9
83 667 7
278 926 1
930 829 18
90 244 5
201 56 5
520 349 15
79 833 12
574 728 9
681 648 3
395 984 4
341 905 20
383 588 9
715 289 14
743 504 8
642 440 2
192 259 15
399 567 20
990 253 20
265 868 7
560 20 14
325 349 2
846 918 16
764 784 2
151 594 6
981 172 1
9 146 18
903 192 14
507 962 12
51 239 11
19 152 14
305 216 8
7 265 11
363 205 10
736 888 3
72 379 9
624 79 11
639 334 4
34 127 6
576 683 3
559 731 14
155 282 16
664 911 1
873 390 11
11 341 3
218 504 12
714 738 17
558 851 18
562 288 3
712 408 2
246 636 11
213 415 11
333 868 5
554 748 10
887 683 15
89 545 12
702 545 16
28 70 8
751 545 3
98 496 15
633 19 16
785 888 20
338 682 6
815 913 2
998 279 16
208 84 4
831 880 4
346 183 1
532 84 5
21 963 2
882 453 11
802 961 9
515 496 2
418 395 12
385 363 8
117 683 20
301 502 6
247 341 11
57 195 17
980 184 4
204 383 16
470 338 2
512 559 2
848 970 18
175 594 16
144 174 14
615 103 6
668 379 12
270 432 10
258 279 8
3 133 14
631 552 5
964 192 18
608 667 2
65 228 11
327 210 12
76 295 5
857 206 10
870 859 10
816 127 19
359 797 12
300 481 8
889 152 10
126 613 1
635 905 19
722 51 14
135 574 15
85 545 1
17 228 10
566 501 4
241 617 2
689 265 20
513 764 15
384 224 2
314 258 4
890 327 18
59 216 7
308 319 15
18 341 14
330 0 17
717 842 15
413 603 8
294 224 14
388 7 9
708 728 16
678 648 3
897 634 5
583 545 15
27 305 4
742 968 7
202 689 9
993 34 17
16 175 15
173 489 9
139 387 14
377 9 5
711 938 1
80 377 20
109 599 19
529 911 12
420 850 4
759 617 13
203 300 16
147 9 12
790 310 2
935 181 1
547 175 13
268 143 16
609 341 20
245 560 10
207 980 19
749 889 18
91 191 9
104 667 13
974 319 14
414 384 9
898 515 16
162 447 6
540 390 4
130 223 8
579 67 11
243 851 3
230 889 8
222 575 3
773 552 5
739 247 14
778 647 16
684 628 13
292 575 9
2 230 19
273 259 4
429 502 18
550 738 9
461 999 6
660 184 10
286 801 3
186 314 14
352 278 2
190 283 12
503 553 12
492 684 20
510 135 10
834 567 7
467 667 14
672 247 1
886 133 4
817 28 18
1 13 11
662 923 19
114 833 20
925 181 8
658 963 1
853 51 3
919 711 6
46 151 7
509 139 8
865 775 7
908 633 16
936 965 1
524 690 2
448 376 7
81 372 16
577 270 7
154 783 13
260 681 5
511 594 8
444 551 7
698 974 3
131 334 17
546 968 2
732 930 1
200 84 16
118 709 6
476 726 19
992 399 16
958 239 9
646 288 7
354 941 3
291 886 14
901 102 1
336 711 3
182 873 13
864 647 1
675 965 20
640 453 12
618 243 12
316 893 1
701 188 19
107 349 19
946 675 14
96 194 8
945 548 4
630 36 8
854 529 8
561 204 10
670 188 18
221 137 16
756 218 3
937 520 4
111 646 4
361 294 2
525 121 4
306 399 9
490 609 11
185 117 12
386 470 18
694 449 3
598 820 2
629 18 17
909 420 16
321 662 15
499 147 11
483 346 13
52 832 18
360 230 11
323 279 16
519 756 18
220 385 18
976 316 17
769 946 5
855 288 7
153 675 12
50 984 13
495 405 6
947 935 13
391 345 13
643 308 14
394 851 4
106 947 1
452 114 15
275 11 17
12 192 2
740 84 6
696 472 9
256 923 20
433 173 17
366 938 1
952 699 4
437 244 2
733 976 3
534 958 2
765 937 11
264 385 9
450 418 7
821 702 2
794 576 20
763 961 17
955 387 1
122 675 15
988 230 15
718 2 18
475 91 6
904 817 15
568 52 18
915 507 19
422 133 14
939 283 15
799 433 7
215 620 5
700 816 17
494 182 16
53 797 18
47 718 4
226 505 10
75 966 8
171 806 1
688 21 17
741 171 2
989 728 12
44 707 15
471 377 16
787 868 12
771 873 13
944 802 1
526 652 17
649 253 14
580 245 12
569 286 3
811 360 4
161 639 6
611 9 5
457 323 4
916 36 10
485 224 12
168 635 20
866 59 4
531 13 5
439 524 14
687 551 20
844 515 2
479 56 8
977 579 12
755 822 10
721 171 2
262 602 3
381 504 12
614 718 4
710 338 14
818 681 9
421 806 8
214 769 5
849 623 3
298 603 6
160 394 9
536 21 3
462 265 13
397 218 19
776 720 4
324 873 8
730 552 19
856 437 8
753 797 9
329 992 8
409 185 3
934 916 7
233 945 4
906 310 7
320 107 4
374 866 4
747 866 6
803 776 3
170 934 14
26 363 3
232 888 20
841 7 20
365 923 18
48 53 20
825 329 16
725 599 16
518 993 2
491 75 14
148 888 16
867 51 17
120 936 8
973 709 4
350 257 6
309 479 7
813 467 11
401 576 4
745 399 4
166 245 5
187 444 1
839 323 17
883 452 13
674 26 11
949 774 1
261 437 2
290 859 1
40 504 6
368 155 14
766 136 4
15 0 3
619 360 2
416 636 6
954 842 8
573 137 11
73 763 3
198 294 14
922 898 9
105 226 19
879 669 1
100 843 17
252 347 3
788 640 13
237 388 19
878 843 2
845 592 3
272 640 1
956 911 6
362 310 16
685 893 11
986 828 16
469 223 8
899 268 1
875 547 18
754 368 5
705 377 5
4 143 14
326 919 14
584 101 11
985 882 15
335 26 7
523 286 9
271 817 17
442 551 15
358 414 5
656 237 14
891 951 3
382 20 5
638 675 9
297 794 13
744 84 13
45 806 19
60 776 12
31 803 10
110 681 12
651 801 8
113 765 13
995 651 2
64 843 5
132 559 16
757 21 16
375 923 3
196 470 19
371 361 17
435 222 14
231 529 8
789 636 7
895 471 8
626 956 8
593 515 19
128 546 11
229 615 9
419 239 18
251 790 8
910 239 14
39 613 5
826 324 9
885 85 7
761 80 16
920 831 20
61 187 9
178 846 6
827 851 14
24 241 14
819 308 10
465 412 7
544 887 6
436 834 15
77 236 4
209 172 7
396 273 12
43 634 4
521 790 9
299 354 12
493 272 12
590 128 5
456 744 5
488 669 12
644 279 20
777 818 7
972 568 9
666 56 12
812 898 16
860 415 7
645 1 18
824 794 9
370 481 6
49 548 19
591 352 8
616 811 15
907 747 20
304 630 19
791 888 16
451 309 20
650 419 12
612 96 6
23 266 8
463 818 11
74 288 10
234 820 7
556 161 5
211 215 5
478 463 6
601 301 13
798 775 5
735 188 12
14 934 20
772 139 8
804 732 14
95 812 10
884 784 9
902 45 19
263 246 4
55 412 11
159 559 3
254 259 13
145 699 2
991 681 14
863 598 17
86 155 12
581 9 18
169 503 7
393 672 9
727 245 16
92 742 11
406 305 20
940 57 3
921 859 8
746 540 6
641 290 7
255 229 4
982 646 20
400 201 11
578 449 14
892 248 2
528 885 1
917 644 8
538 45 3
165 202 14
274 90 1
967 400 11
582 472 13
477 345 10
431 80 1
473 23 3
706 524 1
156 278 12
931 331 5
180 316 12
284 764 20
267 827 14
541 443 14
814 0 12
486 243 9
673 366 4
29 965 7
217 28 16
703 651 8
830 147 15
158 151 7
724 329 11
653 649 11
277 129 6
240 365 11
94 975 12
606 681 7
836 842 14
466 445 1
734 28 5
950 930 7
398 675 7
167 742 15
770 558 14
948 220 1
392 701 11
380 236 19
610 819 8
280 601 12
535 456 10
37 220 13
41 666 13
189 826 10
328 937 14
378 256 3
403 420 13
199 422 5
179 720 2
704 897 19
570 687 8
62 988 12
69 72 19
317 822 6
823 310 16
87 539 8
97 69 9
459 165 19
679 430 18
929 821 8
458 77 12
10 564 5
680 878 10
686 301 12
877 811 3
351 849 18
482 213 17
894 209 20
302 196 13
996 849 7
572 398 6
423 595 14
487 484 4
407 347 2
22 23 11
506 339 14
780 848 18
312 595 1
124 591 8
881 286 1
311 491 17
655 82 8
589 450 19
697 257 14
356 287 20
627 317 8
517 966 16
315 119 17
663 78 19
530 610 16
424 977 18
318 438 13
281 855 17
342 885 1
238 121 6
622 583 6
792 832 15
957 223 18
193 827 6
527 877 13
389 764 19
8 609 6
355 46 4
66 677 6
68 598 5
140 149 1
343 168 12
313 328 1
809 857 11
500 853 20
760 639 19
410 909 14
750 948 15
522 244 18
177 592 10
691 26 3
933 461 1
235 477 19
425 925 13
108 248 2
994 324 7
671 386 17
692 561 16
337 283 2
93 948 13
250 155 19
38 463 9
607 196 6
514 5 9
88 11 6
219 490 18
542 312 6
661 995 2
497 210 20
852 214 10
838 284 3
557 39 16
340 200 4
896 120 6
586 730 17
987 746 8
35 836 18
876 359 19
758 647 14
30 818 4
874 156 11
571 340 19
411 609 12
676 94 4
33 608 14
953 257 5
847 662 16
796 846 20
805 675 18
872 632 8
861 538 8
369 887 18
446 768 17
565 751 11
983 698 2
555 293 15
296 587 8
596 554 20
357 754 7
99 203 8
157 616 3
932 487 18
367 381 18
900 947 10
637 124 17
693 900 1
869 939 18
657 401 19
810 933 20
353 777 17
800 689 12
779 149 2
808 772 20
971 804 13
464 153 14
441 762 5
914 717 6
924 243 7
197 21 12
426 363 17
474 644 19
54 16 6
654 982 19
960 497 9
249 942 11
115 342 3
665 877 19
455 847 2
605 389 17
516 714 5
364 947 11
63 552 13
782 349 13
498 664 15
737 20 14
959 377 8
835 922 11
659 761 12
537 860 4
427 212 13
781 879 14
242 505 20
344 515 18
373 459 6
123 193 6
276 853 15
116 528 1
563 859 20
176 911 7
997 937 16
71 857 11
943 623 18
163 328 17
134 710 10
285 71 11
58 944 8
142 729 10
112 85 15
752 715 20
723 617 5
969 38 19
927 446 4
702 503 12
370 251 16
367 62 14
726 653 6
392 548 14
91 153 8
340 343 17
481 978 6
50 265 12
55 519 9
300 212 8
122 101 18
611 256 18
647 849 5
675 420 3
557 541 2
923 183 6
642 149 12
361 200 6
704 745 15
689 0 18
856 380 20
240 215 1
195 933 13
822 715 1
461 774 10
443 514 1
860 499 15
845 218 1
806 980 14
994 975 18
616 735 13
0 694 1
68 887 12
802 266 2
519 558 20
747 667 13
64 79 15
916 445 2
837 455 7
884 472 12
786 177 15
462 433 18
0 570 16
160 286 8
173 993 11
265 706 6
777 852 11
12 744 16
742 464 13
409 789 7
498 425 5
145 313 12
179 95 15
528 460 16
547 479 18
875 465 13
544 443 3
307 174 14
542 471 1
601 355 2
969 499 2
149 698 11
311 97 12
112 385 3
137 689 1
975 771 10
792 639 11
784 756 1
147 616 13
837 429 3
536 355 1
769 79 10
142 985 20
795 406 19
553 57 20
78 366 15
916 133 7
563 408 16
483 187 12
997 698 16
113 602 20
748 171 6
942 31 8
370 908 1
202 967 16
220 60 13
963 88 15
78 573 17
429 545 10
573 898 8
600 40 7
553 564 9
288 937 17
51 35 15
319 885 12
719 318 10
248 676 1
228 769 18
35 905 4
461 194 2
92 199 2
172 151 1
108 600 18
281 748 3
611 6 16
960 511 11
251 546 10
560 392 2
119 369 2
616 30 2
703 261 10
810 788 6
745 448 3
145 227 17
467 928 3
209 121 12
257 756 19
15 927 17
636 688 15
731 801 15
375 597 10
136 374 4
828 253 17
662 258 11
159 491 9
298 472 13
224 303 18
747 227 7
487 741 15
914 514 17
417 309 7
911 277 7
967 949 5
813 430 11
809 800 12
764 323 18
237 479 5
79 462 1
201 970 11
148 860 12
533 290 7
324 608 9
177 202 1
683 316 8
971 189 2
836 745 13
583 13 6
490 9 6
496 343 8
76 182 12
806 496 10
272 978 1
59 980 9
805 770 1
441 705 4
152 501 18
673 549 1
477 953 12
72 68 20
105 362 15
53 912 17
23 420 5
271 700 15
590 377 9
755 876 9
247 396 1
804 913 3
364 26 14
419 460 17
144 498 18
553 449 18
235 655 14
297 565 9
855 636 7
581 65 18
187 98 3
286 935 3
943 285 11
996 237 10
916 920 20
782 293 12
699 652 15
195 812 10
775 3 13
502 143 2
724 591 17
290 33 7
635 818 7
633 141 10
727 677 14
55 108 6
91 983 10
630 870 10
213 476 20
676 38 3
860 144 16
659 416 20
227 237 5
130 8 3
425 453 7
988 912 12
248 977 15
520 200 12
790 254 16
60 642 2
684 36 17
370 579 18
81 910 9
709 750 13
153 510 7
211 668 11
270 466 4
988 505 14
870 619 3
41 470 1
200 920 18
512 141 17
713 980 1
680 378 1
385 912 9
136 850 19
287 853 17
534 662 6
218 693 4
868 353 4
565 415 2
634 77 8
836 116 14
690 115 2
157 13 11
371 405 13
781 877 7
555 165 14
407 434 8
457 820 1
812 601 5
51 184 5
462 597 17
16 609 1
612 844 18
612 530 2
579 148 2
493 425 7
947 678 16
461 565 14
785 757 13
264 18 19
63 318 11
120 419 20
125 844 1
755 131 2
776 498 12
226 7 19
70 425 9
993 180 2
378 913 12
81 655 12
21 383 7
949 667 19
832 310 14
469 938 7
784 910 7
23 894 1
429 252 8
994 365 15
65 418 12
341 143 17
859 193 20
56 122 1
583 489 5
315 662 6
636 17 6
403 19 1
901 770 15
247 319 17
676 737 14
123 118 11
518 154 10
25 240 14
207 784 5
211 418 12
137 830 7
508 986 10
701 77 9
194 581 1
267 924 3
518 289 7
228 337 15
938 413 20
845 472 15
727 521 15
401 60 17
766 246 2
169 794 6
266 737 2
269 724 10
250 318 6
913 818 16
719 154 16
331 279 12
854 910 17
546 137 20
2 658 17
544 432 4
657 912 17
25 483 20
906 273 18
757 842 18
675 981 17
672 772 18
273 475 9
481 960 2
772 150 17
547 743 18
22 916 11
940 838 19
612 132 20
112 256 6
70 234 17
440 795 19
322 273 11
362 954 8
242 754 19
890 608 4
816 426 6
157 202 3
442 888 18
361 999 8
407 148 19
629 356 4
857 731 9
150 951 17
551 134 19
885 299 3
957 412 10
938 427 2
10 605 16
904 116 16
243 144 4
860 197 8
866 372 3
55 980 17
828 225 18
411 807 13
208 963 16
238 440 2
832 794 8
343 695 2
381 363 6
802 798 11
886 864 13
213 716 7
107 443 1
564 91 9
378 500 8
700 158 14
677 380 12
440 612 9
620 522 15
431 641 11
670 718 9
622 805 9
922 303 2
155 386 20
469 332 4
494 810 15
891 599 14
444 695 14
357 996 17
920 429 6
456 696 13
96 812 19
999 609 15
623 78 9
986 648 17
431 829 20
695 790 4
269 924 13
462 619 19
517 891 11
102 783 4
953 911 18
645 202 17
827 418 4
295 336 1
236 345 4
347 904 19
838 895 15
834 286 11
447 72 4
829 587 10
825 786 19
778 659 1
629 794 1
635 63 9
669 984 4
488 540 9
295 983 6
758 79 20
389 468 11
91 959 6
987 367 5
970 621 2
721 206 16
475 869 8
823 159 3
116 850 4
48 876 9
274 9 1
259 784 9
536 916 6
980 142 10
493 910 10
642 515 7
767 753 12
604 829 6
872 598 1
885 889 7
332 7 5
527 689 8
249 719 2
887 407 3
867 700 12
704 875 16
948 430 15
471 991 20
373 811 4
168 992 13
540 306 9
218 721 15
197 617 7
963 451 20
284 527 1
530 758 9
565 942 7
106 405 11
615 794 19
221 977 1
375 700 4
689 590 7
526 390 18
162 834 4
51 769 5
864 128 14
189 719 12
463 743 3
758 816 9
173 106 19
256 755 3
37 468 14
612 500 10
385 268 11
5 548 14
355 175 10
323 701 14
941 772 15
391 615 18
609 476 13
185 578 6
250 367 17
59 680 10
542 106 15
80 235 1
31 514 7
375 747 10
702 545 9
346 489 16
201 971 1
88 847 15
938 287 8
52 318 2
190 25 4
271 998 13
751 506 5
288 848 19
100 552 18
371 320 2
479 848 15
909 348 5
321 249 5
102 231 10
434 897 9
457 698 8
872 752 13
342 841 10
990 735 3
195 97 15
659 984 17
951 486 11
702 964 2
624 393 2
209 830 15
951 763 4
106 213 11
236 140 10
707 172 13
882 199 11
955 431 16
388 919 9
633 467 5
330 368 12
648 746 17
44 111 12
522 866 9
602 176 6
887 974 1
268 115 19
863 774 1
552 76 14
6 579 12
28 734 5
494 553 11
22 232 10
496 364 10
751 600 9
835 158 16
159 377 7
867 396 16
980 450 10
865 969 9
807 800 17
382 384 1
709 100 11
103 850 7
910 534 18
643 587 8
905 200 10
870 48 1
13 689 9
141 129 4
775 629 18
44 637 15
645 891 17
397 626 14
333 843 20
881 506 8
300 176 1
338 876 4
481 245 16
391 355 9
449 407 3
924 544 11
824 67 17
947 594 9
46 309 6
825 508 3
52 691 19
240 453 8
979 439 9
602 604 10
921 215 8
927 89 17
191 509 15
912 682 13
810 443 15
578 283 18
848 110 6
964 3 2
538 949 18
849 413 1
877 863 9
652 697 5
287 571 18
384 597 17
727 788 14
771 908 7
462 856 17
350 318 13
391 796 9
107 803 17
922 905 6
34 764 16
845 202 1
912 703 4
435 306 9
901 662 1
244 908 4
577 672 18
592 706 3
686 706 9
55 221 14
579 778 11
717 858 1
556 555 7
839 373 12
598 389 2
734 424 13
144 569 14
327 369 12
240 67 1
129 709 9
173 994 20
532 637 1
916 863 6
335 791 18
377 23 12
139 117 12
314 397 19
562 820 6
669 635 8
27 667 13
103 719 10
575 738 15
15 958 9
460 97 11
255 668 4
724 190 16
319 153 12
683 314 17
761 659 6
395 379 10
621 354 1
958 522 2
304 379 4
166 571 17
511 832 1
210 948 2
937 836 16
565 35 15
581 605 17
333 246 6
169 354 20
844 493 3
236 40 15
738 813 8
819 9 18
885 973 1
948 882 2
939 343 20
473 340 1
297 205 15
581 7 16
459 525 16
120 486 15
746 26 6
235 234 6
493 260 1
497 905 16
936 234 6
530 365 10
793 91 16
268 929 2
722 179 15
879 855 2
265 338 6
532 56 10
385 158 9
67 213 19
137 128 3
202 958 20
398 827 20
939 606 13
934 739 6
483 419 7
149 47 8
336 495 9
647 38 12
788 624 4
389 608 15
714 558 1
364 470 5
764 847 18
863 890 1
905 943 18
736 836 18
245 348 9
282 522 20
91 407 12
624 185 2
445 310 8
886 25 2
300 276 16
750 632 7
804 89 1
756 269 5
417 116 9
230 134 10
469 523 2
310 433 16
427 989 3
859 702 13
313 471 13
932 184 12
632 324 7
394 534 3
71 93 16
557 411 8
100 282 20
613 520 12
478 823 8
522 156 6
611 276 10
798 424 6
840 718 9
575 671 18
563 371 9
70 827 10
747 223 14
908 16 13
34 95 20
845 371 9
349 791 20
354 872 9
777 411 10
45 398 1
643 830 17
513 510 1
324 972 10
431 788 18
221 190 11
184 815 1
830 617 10
904 629 10
771 605 8
831 462 4
208 953 7
159 412 16
809 53 17
88 787 15
792 590 1
779 506 3
423 156 8
113 737 4
526 15 6
669 790 20
588 88 11
560 867 10
685 995 7
381 921 13
350 660 3
95 285 16
606 815 3
643 198 6
134 911 15
296 46 15
962 180 1
402 637 5
979 838 17
933 644 8
586 647 20
210 974 19
664 302 14
950 336 9
911 612 20
808 265 14
141 724 14
95 893 12
412 357 8
434 116 2
569 431 7
509 849 9
31 792 16
364 809 5
603 854 10
431 846 12
937 315 19
491 484 18
805 38 8
629 583 18
421 377 11
795 79 3
518 840 11
278 440 4
71 679 2
465 630 6
66 416 20
582 694 6
576 49 7
623 0 15
460 865 16
163 362 9
557 849 2
52 592 6
732 109 8
759 928 6
84 953 6
554 256 18
47 932 8
492 916 1
742 438 15
9 848 19
423 649 3
339 118 14
58 601 12
749 698 16
280 122 2
414 366 15
54 165 18
958 147 6
989 911 18
836 236 11
232 473 16
996 516 10
312 581 1
474 867 10
613 749 4
61 781 18
523 798 4
536 94 20
37 981 8
885 728 9
230 112 17
879 132 13
137 499 16
832 248 4
956 893 1
439 916 3
642 431 14
86 151 8
848 491 5
932 740 18
132 536 13
476 368 11
793 108 14
840 377 11
302 748 15
515 442 6
682 794 9
561 777 18
464 69 1
462 429 17
928 281 7
446 509 8
673 375 12
830 547 3
140 589 17
990 615 6
427 129 15
488 891 5
469 585 15
331 940 6
678 117 6
485 992 16
119 598 16
678 44 5
482 401 5
901 46 3
472 410 2
337 974 11
182 729 8
278 785 19
103 939 12
685 163 16
283 524 5
743 131 10
296 430 8
953 698 14
119 222 11
391 998 15
304 792 17
598 537 11
161 148 14
170 776 8
559 308 5
442 932 6
584 520 16
31 43 13
552 70 5
457 87 17
58 434 2
958 674 17
232 75 18
173 818 1
838 926 6
701 698 6
861 933 19
252 118 1
943 417 18
693 691 4
443 494 18
219 686 13
693 608 5
797 412 11
968 758 10
602 2 11
521 422 5
33 756 4
406 771 7
192 169 20
833 169 20
38 944 14
465 877 4
570 722 19
37 828 13
967 684 18
57 172 3
982 544 10
533 105 3
654 75 9
65 602 15
680 74 18
776 481 12
949 360 3
975 84 15
588 694 16
331 369 16
841 679 19
394 242 17
199 493 14
840 977 20
917 469 12
958 613 5
810 261 6
741 441 20
808 657 10
957 556 13
118 560 12
288 794 7
334 194 13
216 986 14
168 526 11
529 577 19
778 202 4
65 715 10
137 427 2
792 518 11
313 819 17
140 404 12
783 756 8
789 35 15
590 658 6
654 585 13
943 578 13
707 533 18
335 167 7
871 100 7
537 302 15
150 970 14
4 303 18
627 407 11
851 449 3
382 941 13
350 585 17
120 672 4
395 885 13
131 944 5
464 116 2
665 960 1
754 671 13
173 965 6
95 899 8
60 101 7
163 998 20
12 213 15
945 49 18
133 637 11
462 811 6
339 647 3
479 452 7
767 342 5
791 69 20
509 481 3
386 70 11
560 355 12
240 328 20
345 954 11
308 16 15
647 350 1
251 548 15
696 573 11
781 298 8
827 309 11
542 613 5
494 447 5
364 88 13
590 402 1
395 250 5
506 91 12
904 972 4
536 220 4
616 212 11
628 368 3
67 753 1
823 275 18
922 901 16
50 344 12
683 355 12
891 791 4
749 807 10
304 713 20
932 134 11
917 947 19
970 657 10
283 186 20
270 751 15
780 863 16
697 316 7
358 951 7
841 875 12
46 998 15
561 832 4
208 884 2
857 515 11
496 439 6
493 451 20
588 381 10
789 694 15
576 73 17
120 826 16
252 327 19
